0.0 0.48723186925434114 0.3105209397344229 0.5617977528089888 0.3268641470888662 0.4882533197139939 0.4923391215526047 0.5720122574055159 0.45556690500510727 
0.48723186925434114 0.0 0.5638406537282942 0.5781409601634321 0.3146067415730337 0.4647599591419816 0.6189989785495403 0.5413687436159347 0.6138917262512769 
0.3105209397344229 0.5638406537282942 0.0 0.6220633299284984 0.4770173646578141 0.557711950970378 0.3125638406537283 0.6087844739530133 0.2992849846782431 
0.5617977528089888 0.5781409601634321 0.6220633299284984 0.0 0.4851889683350358 0.313585291113381 0.6537282941777324 0.47191011235955055 0.6578140960163432 
0.3268641470888662 0.3146067415730337 0.4770173646578141 0.4851889683350358 0.0 0.30337078651685395 0.5740551583248212 0.4616956077630235 0.5566905005107252 
0.4882533197139939 0.4647599591419816 0.557711950970378 0.313585291113381 0.30337078651685395 0.0 0.6118488253319714 0.31562819203268644 0.6230847803881512 
0.4923391215526047 0.6189989785495403 0.3125638406537283 0.6537282941777324 0.5740551583248212 0.6118488253319714 0.0 0.6475995914198162 0.4637385086823289 
0.5720122574055159 0.5413687436159347 0.6087844739530133 0.47191011235955055 0.4616956077630235 0.31562819203268644 0.6475995914198162 0.0 0.6598569969356486 
0.45556690500510727 0.6138917262512769 0.2992849846782431 0.6578140960163432 0.5566905005107252 0.6230847803881512 0.4637385086823289 0.6598569969356486 0.0 
